27,1
27,3
47,49
47,48
47,47
47,46
47,45
47,44
47,43
47,42
47,41
47,40
47,39
47,38
47,37
47,36
47,35
24,1
24,3
3,2
3,1
3,3
10,66
10,100
10,150
10,248
10,122
10,236
10,238
10,1
10,288
10,2
10,3
11,4
11,23
11,16
11,24
11,22
11,19
11,1
11,11
11,2
11,3
9,7
9,4
9,1
9,6
9,2
9,3
8,16
8,17
8,9
8,1
8,4
8,2
8,3
12,2
12,1
12,3
20,2
20,1
20,3
19,2
19,1
19,3
18,1
18,3
14,1
14,3
13,1
13,3
2,2
2,1
2,3
46,4
46,3
46,2
46,1
46,0
45,3
45,2
45,1
45,0
44,4
44,3
44,2
44,1
44,0
43,4
43,3
43,2
43,1
43,0
41,5
41,4
41,3
41,2
41,1
41,0
38,5
38,4
38,3
38,2
